@subtask samples
manual example-1.in

@subtask brute
gen 5000 5000 10 1 50 1
gen 5000 5000 10 4000 5000 2
gen 5000 5000 10 1 5000 3
gen 5000 5000 5000 1 50 4
gen 5000 5000 5000 4000 5000 5
gen 5000 5000 5000 1 5000 6
gen 5000 5000 5000 1 5000 7

@subtask small-c
gen 300000 300000 10 1 100 8
gen 300000 300000 10 1 100 9
gen 300000 300000 10 250000 300000 10
gen 300000 300000 10 250000 300000 11
gen 300000 300000 10 1 300000 12
gen 300000 300000 10 1 300000 13
gen_same 300000 300000 10 1 100 14
gen_same 300000 300000 10 1 100 15
gen_same 300000 300000 10 250000 300000 16
gen_same 300000 300000 10 250000 300000 17
gen_same 300000 300000 10 1 300000 18
gen_same 300000 300000 10 1 300000 19
gen-washer 300000 300000 10 500
gen-washer 300000 300000 10 2000
gen-washer 300000 300000 10 5000
gen-washer 300000 300000 10 10000
gen_point 300000 300000 10 1 100 20
gen_point 300000 300000 10 1 100 21
gen_point 300000 300000 10 250000 300000 22
gen_point 300000 300000 10 250000 300000 23
gen_point 300000 300000 10 1 300000 24
gen_point 300000 300000 10 1 300000 25

@subtask same-modify
gen-same-wtf 300000 300000 175000 225000 a
gen-same-wtf 300000 300000 175000 225000 b
gen-same-wtf 300000 300000 199000 201000 a
gen-same-wtf 300000 300000 199000 201000 b
gen_same 300000 300000 300000 1 100 26
gen_same 300000 300000 300000 1 100 27
gen_same 300000 300000 300000 250000 300000 28
gen_same 300000 300000 300000 250000 300000 29
gen_same 300000 300000 300000 1 300000 30
gen_same 300000 300000 300000 1 300000 31

@subtask full
@include samples
@include small-c
@include same-modify
gen 300000 300000 300000 1 100 32
gen 300000 300000 300000 1 100 33
gen 300000 300000 300000 250000 300000 34
gen 300000 300000 300000 250000 300000 35
gen 300000 300000 300000 1 300000 36
gen 300000 300000 300000 1 300000 37
gen 300000 300000 300000 1 300000 38
gen-washer 300000 300000 300000 500
gen-washer 300000 300000 300000 2000
gen-washer 300000 300000 300000 5000
gen-washer 300000 300000 300000 10000
gen_point 300000 300000 300000 1 100 39
gen_point 300000 300000 300000 1 100 40
gen_point 300000 300000 300000 250000 300000 41
gen_point 300000 300000 300000 250000 300000 42
gen_point 300000 300000 300000 1 300000 43
gen_point 300000 300000 300000 1 300000 44
